12
899 708 -248
-92 909 312
-704 -481 506
32 -921 -957
278 322 -272
-737 184 -664
84 -951 330
187 964 -284
460 920 321
413 21 965
-278 -653 728
478 333 722
0 -96 934 -480 866 -466 -190 -352 -982 741 748 -661 
68 0 952 365 594 773 416 -507 -86 801 -964 -352 
-222 505 0 112 742 931 254 -313 -854 -390 807 560 
905 263 -331 0 694 -383 940 116 827 -674 -83 -693 
-674 -442 -143 310 0 740 37 -181 850 158 266 -105 
771 181 -506 400 968 0 -942 766 756 -545 -773 655 
-126 -268 -566 753 309 -581 0 -489 894 -706 -155 -127 
-330 105 -675 -6 440 850 -981 0 870 83 417 -958 
-923 280 -472 -346 -671 -118 -121 757 0 150 -861 948 
546 -172 145 -214 83 -400 -524 484 -806 0 -131 92 
-712 269 458 241 -676 826 -657 562 547 -762 0 874 
-538 -748 19 939 -724 244 639 -989 399 727 369 0 
