14
550 41 -161
-447 -840 -903
16 846 154
-459 442 -453
136 613 612
-55 596 -954
770 49 467
-667 -959 -174
784 -643 137
-269 -404 -176
454 -290 932
-808 663 993
12 699 337
333 142 -91
0 -940 -143 -183 260 685 -697 -438 -575 125 757 373 850 631 
-563 0 769 812 519 -64 -9 -443 -215 -178 -470 -2 -41 -207 
28 874 0 -6 -55 164 660 -581 -653 -538 -288 377 261 -567 
-727 86 -87 0 210 687 875 -75 -611 421 -409 -456 508 -328 
-522 -64 -717 -283 0 -537 225 -884 -972 858 759 -784 -385 -881 
926 -489 -178 -950 -656 0 255 367 -589 602 -637 -166 -203 366 
-238 429 -272 -836 -874 648 0 75 -231 313 -613 570 642 -766 
437 -451 -230 -172 -684 479 -287 0 -121 -753 720 -921 -731 814 
-428 564 724 -542 -755 911 441 594 0 415 957 415 460 -775 
236 286 -176 962 296 730 -739 -363 -101 0 -761 -66 80 -964 
873 -320 -209 -494 142 -718 603 825 -918 541 0 670 -981 993 
-66 439 262 -396 -454 368 937 -17 -826 -131 -540 0 833 -315 
-107 -930 -430 89 485 -1 300 835 72 -152 -488 545 0 15 
772 -551 720 763 257 537 -710 -529 607 -509 783 -317 946 0 
