15
212 825 921
251 -378 321
-160 412 -873
-100 384 719
-492 -262 -853
-393 -583 -870
143 110 -533
-609 -100 -204
-20 -222 -370
-149 -726 -476
2 -834 499
174 463 -299
-75 -897 726
511 -697 -433
849 -563 466
0 -934 -200 944 -871 158 94 -227 -864 -973 -196 -326 907 24 -989 
679 0 -603 -614 511 876 -647 -698 -841 293 -432 -331 53 397 483 
-410 -614 0 -754 18 399 951 -778 487 178 -927 164 345 -284 608 
104 -995 -621 0 -692 130 -439 -969 130 856 469 491 -353 258 -686 
342 -342 152 555 0 -916 -259 123 -698 412 -80 147 -793 161 -779 
-805 27 901 -530 -35 0 -1000 -208 -158 -399 770 -298 197 428 198 
439 701 288 -640 -949 218 0 484 -521 -478 974 740 -399 462 307 
894 268 116 492 -659 777 691 0 -960 -632 87 724 -52 699 -537 
-188 -37 634 562 840 186 -131 756 0 -841 9 979 -410 -354 968 
-824 -234 395 35 527 715 -936 948 -71 0 -718 639 -695 979 725 
-20 659 101 664 817 416 -929 -51 200 -256 0 -535 75 51 -122 
191 -198 182 -554 400 548 -486 -844 546 -524 487 0 28 -991 -936 
300 383 -299 -642 377 396 82 -951 68 629 753 -123 0 -600 -922 
-305 91 -525 587 238 -146 -489 -728 423 -749 155 702 992 0 9 
-625 30 -780 931 -580 -286 -31 136 -411 -151 -810 354 579 -664 0 
