12
369 705 -812
-785 437 292
355 -881 667
551 784 211
322 -301 -136
-801 -586 597
621 356 -885
-901 -441 410
-1 -662 716
901 284 786
-54 -314 -104
-816 28 -918
0 1 -936 669 -543 555 -655 -288 -400 -114 289 -7 
541 0 816 -631 -301 -856 -102 -42 605 914 458 -658 
710 -617 0 259 -753 613 -638 -335 505 956 125 -408 
876 -441 -538 0 965 735 -584 256 126 194 648 619 
124 79 795 -587 0 -829 275 -631 -753 -695 331 -576 
-472 -339 522 -43 -354 0 358 10 -762 -276 111 317 
-173 -314 272 -163 686 721 0 -688 419 606 594 -924 
127 -55 -680 -990 749 360 -303 0 127 983 745 -486 
319 937 354 121 -630 564 927 -939 0 -655 -729 -270 
-930 810 -812 -450 -625 505 -419 -788 -66 0 -406 -823 
-978 38 241 861 -231 32 954 804 212 202 0 881 
-424 775 -899 46 -559 550 973 -711 979 -218 429 0 
