12
72 -613 -389
-556 382 -706
31 347 54
11 -671 156
-710 -256 -310
593 56 -517
916 -25 833
862 677 243
-113 -481 -200
-405 430 -276
149 -557 -294
-151 -86 349
0 -948 160 -434 -690 -225 956 573 350 -802 -996 -37 
-518 0 -483 890 -828 605 -825 540 172 529 -4 -873 
591 -994 0 -803 156 -204 573 -762 -653 -359 -800 -118 
-525 -234 508 0 -926 716 -905 -272 115 -393 -617 364 
-652 634 -343 -412 0 329 -668 -767 -460 -764 294 -484 
852 394 736 -244 -303 0 406 -773 747 777 41 -259 
-535 -754 59 979 720 398 0 454 -292 323 -644 -525 
-479 578 -747 697 -542 630 386 0 -693 -910 -17 655 
608 -643 -140 -360 -772 -765 520 -477 0 -978 -361 137 
-37 -169 -210 598 380 711 714 731 0 0 96 -390 
-982 -125 461 490 123 -530 391 -848 751 -881 0 615 
-429 92 -941 -183 423 516 -482 -745 -631 -968 997 0 
